1017
547824
1401
843836
5170
830610
852066
102600045
838057
6390
839341
567
543190
827403
834367
581
837763
2873
825286
542375
14173
14182
14183
14184
14186
15901
22160
844422
541785
17260
827054
3712
4955110
2873
825286
836307
107877517
832290
837393
29141351
43
2739
829969
831441
542019
542020
851332
24887
25402
64044
838851
5972
338
541882
831025
855538
855828
831441
826571
833520
11816
567
4953
818199
816817
823603
1026
13131
842953
107775924
107783127
855828
826623
18045
542528
543586
542361
830557
102578055
823721
835926
542793
542794
4151
606296
3576
7124
816579
834442
827839
839574
1401
543847
856425
6597
829376
836504
1062
541937
541938
541939
542079
542751
543439
837393
542375
834758
542361
827854
732710
850633
2099
367
606307
567
855029
542797
606307
843206
845180
855228
28381407
548177
816305
266682
29277
548182
824589
732705
780617
831441
816815
829930
4306003
107764092
548109
100037760
542680
38936
7009
732840
824872
4953
207213
399673
399676
543388
832941
842733
606307
541670
835478
542487
107873437
814714
541800
853131
114757
828652
5423
25402
542686
828887
24471
107892108
107896614
818766
818841
839752
843244
1977
821083
823994
831277
836437
836884
828652
843915
7015
819804
542375
836554
836733
820032
831681
107797624
817168
818741
829557
843507
1401
101261755
832555
606415
606325
855828
851076
851396
843249
102604342
606465
12985
828652
829547
100381858
1555
25402
841995
825146
1508
830696
815949
821519
4297
10
542468
841447
834974
835642
836406
6462
842733
18126
3029
548131
100037546
853653
855845
606390
1543
853497
1555
778224
828512
403104
403215
100193308
854738
43283
838870
827880
856115
823756
836099
821181
825285
30287
373116
58132
1543
1555
1557
828652
5468
7351
7352
843282
817375
732710
817943
1401
819674
825476
832790
548079
778435
1019
595
821625
100037557
100125700
780641
1401
817212
824340
100037594
778378
778439
692241
831809
100037786
100037787
829480
823660
836176
58157
1544
820327
817267
100037793
832536
843708
847
29642
305540
832494
833502
817180
827122
827124
829636
830035
834407
841405
820602
824601
1543
821254
1401
19219
732739
816103
820216
818030
851994
818764
1636
100101548
105049401
100125650
818030
851831
843928
843028
819674
63826
835300
819674
825476
832790
827785
851887
100127068
780645
839265
732548
3766682
843249
100126246
100127227
100127240
838138
818219
7412
3586
778435
827934
817267
100193424
105174659
817056
820940
829322
821717
567
835618
100137076
825500
1401
100147736
829783
829847
14165
14183
100170705
100170706
5498
6331
816787
828556
542148
830858
837932
107948506
818982
829103
839411
14461
817696
826630
844415
24599
824693
6240543
29560
836
842
2950
827088
827089
842864
824718
595
6777
821810
824326
834204
837792
100240693
100126246
852018
25692
100301576
834676
24225
100233235
826630
827626
827641
100136971
100136972
3156
829695
844193
1401
822318
6653950
9370
13087
1548
100037563
843249
541615
101261626
102577861
100037794
100286847
100286848
100415837
818204
831168
822395
2744
824043
10165
817515
100415858
100415888
817675
823732
732703
25402
64044
818986
820321
817134
4335725
829480
837800
842733
542375
818136
827392
835198
835553
817376
832683
100136882
820201
843512
817131
834758
841147
24778
1981
1026
819296
833982
542805
732708
842523
843874
100415889
100415880
820947
836878
819365
843568
335
100499185
542144
4316
820643
25664
732743
116519
836300
7018
3091
5594
7422
823899
838138
843122
107819448
4799
3486
842733
100301576
820463
15
856574
836871
31429
830298
830559
174634
56915
58852
19225
823644
836197
155
7350
831147
826623
11816
100682404
100682496
829171
839276
4318
5743
18126
19225
834494
836572
4318
217
814786
100526690
100682450
100682451
100682499
100682514
100170731
814714
100579136
302415
309757
25428
837708
821397
817948
102682026
542997
841731
852660
821924
820443
548109
833559
837465
1401
107787819
100136810
832559
832560
100682484
606325
105032589
821233
831419
9373
821930
107787819
39054
542373
544056
100304287
542186
2676453
832186
834676
25553
826630
824637
100053958
821300
31293
7354381
829034
83810
818558
831745
606473
826470
3725
4316
24088
100527992
542361
100017
26119
825287
100820701
818390
4313
4318
835710
842694
844399
838116
824229
831291
101290589
4313
12366
816787
838835
818829
826499
831441
840438
841537
1977
2475
851362
829902
831866
832364
828652
581
836
817134
2778
817638
825706
837479
835198
4955110
842859
817157
838334
1544
1576
101290629
542597
6556
855828
1356
1059
3976
754
107817797
542391
3479
732636
60498
1879
3479
246329
2158
116568
100135647
107795792
542378
828967
207
820223
824344
840112
839040
843244
543154
55733
102577459
29141361
6208
732636
548117
3077424
136991
26472
6717
2520
633
817134
819296
838883
100778145
207
33916
2740
5697
542325
27210795
27210853
542771
543439
671
542230
542369
542370
5265
819889
823573
828715
837775
3167842
29141377
29141330
816464
282029
856876
728489
958894
106455643
102577459
64362
81818
803123
803165
835478
50651
259307
3569
108710756
835341
3989271
800513
827049
213
821888
816815
854465
542363
542364
7157
831505
103993
12156
14180
37655
42160
42356
541960
542255
542391
542487
1084
827713
839411
841127
107773042
542687
542771
543439
507188
522889
544098
837483
100280441
100857070
542246
103647543
492311
835926
548293
3791
22820
9276
362
856322
28786
7018
1845
5770
994
995
100147731
24513
823668
542523
542331
843244
6267
24538
24539
5728523
542363
827049
856692
103647543
542753
3630
4998
4709
396058
828715
107782067
542363
542376
902
732636
101257599
544117
101739536
3383
3458
3558
3559
7124
969
717
24648
5265
7933
833570
1475
1476
10482
6776
823964
824408
831748
831889
842733
107785513
107785604
2056
966
855828
1040166
326597
542465
821214
542523
834535
29444748
100144446
100519252
448985
543193
842733
5265
100146084
12266
259307
116568
828781
542257
25737
100127084
547824
16476
22060
542331
100272445
4340018
851217
778293
542352
1146722
1148302
3039
6476
542597
25428
300438
104586919
104603756
3630
885
102577485
817857
253260
396535
396536
414834
64326
817857
5091
6714
5265
542372
855387
1613
2908
567
29141410
29141412
29141351
542523
1035115
832773
852066
27044
883743
22882
353128
828715
37402
837560
5091
29141412
29141414
3800091
3800096
803111
803122
23526
541670
830586
842733
107814050
817519
827145
830457
100009152
920
925
778427
832523
1034945
1036859
1038335
187909
818134
830090
4069
107792047
3569
822047
361358
146227
975
25402
310218
10724
800420
800491
93659
25104
5091
818608
829637
839280
542759
541815
60498
1861
7052
100009101
101027257
103647543
542271
29242
310218
314322
100049018
321681
6717
24440
107797065
107820655
825338
107762217
820816
821323
820816
3156
338
759
542761
542761
100286107
100682497
852931
856484
543226
18046
854295
854377
856692
542314
542590
85369
855597
107776960
851714
717
830139
107785603
856478
542411
547774
4069
24648
5265
107779602
814775
4069
5265
543190
827713
244585
107772238
7015
839574
3416461
4069
101212957
166378
246269
831683
839135
842859
51742
100282267
54205
542212
547795
542356
6717
884888
543334
9164877
373156
51673
39078
107799583
816521
103625937
29141351
732632
542896
7018
828182
838125
107804179
828182
828645
838125
1984
4055802
57379
345456
92737
259307
7399
2539
1459466
5367
5079
6717
816394
133396
828715
845236
838780
842859
1451442
1437
2683
4051
100037489
39078
281099
814686
842953
835035
543423
814641
818332
29141390
3770152
100037611
543288
824399
841567
732845
853922
4069
544239
844001
844002
7124
9468
4340567
3065
541883
672
1035166
1038905
102577726
4328091
542583
29141408
29141409
542789
1040369
838882
843507
107810646
107814858
100192169
814686
100170656
542780
827728
827729
842851
837583
828652
542567
11816
100884400
1113
1434
5541
57510
64328
7514
1147058
1147617
1148768
542778
100125344
542865
843771
396547
100037598
10894
1267
843771
828
8406
107773042
1437
100125718
542850
1643
842733
831436
843244
9933
10724
852457
8802
55511
946125
947437
543226
818860
820723
841765
107759005
107784423
1035215
542318
542097
17965
4155
541924
7066
7173
9401
100273965
5091
5091
542233
7037
107761764
107763754
107779518
107806831
5265
102658840
547824
124
732689
4549120
596
833836
7018
280716
5091
10242
3569
24482
5091
23510991
2716986
852457
983
542365
854601
18125
1933
1936
693119
962687
3800098
281099
5075882
107786552
542097
542329
100285036
875581
26471
8273
40133
41483
41737
856519
853747
542363
830095
828522
542680
100037760
541799
259307
355
596
836
841
842
819292
831793
832518
836132
836259
1224329
58962
826470
839529
543906
1034945
100283332
29141330
29141378
829847
818339
821411
823805
828764
833502
107801491
365854
502570
100272629
29141361
3800054
803112
845229
6534
814851
843244
7879
732667
778373
1444
843249
853218
947
41726
101246004
25759
837781
843058
6717
5091
116637
24248
25086
107799533
24617
852066
397568
101669834
820002
819614
821891
836344
830779
839265
541960
541961
6010
3283449
831889
106419020
25737
58962
335
338
1079796
29141377
829734
842859
835788
717
542406
818348
825655
1879
7018
663954
819174
142
644914
26972
7009056
18390
6615
107787819
4151
58157
910
732667
58488
100192952
843911
837592
29240
853131
543180
3131
852278
29527
832555
100136882
100284678
826672
853218
829409
541800
830090
101738358
108348108
314322
11076
3938
28721236
547694
824267
838138
855828
3630
1401
3553
7124
835392
827529
17300
831832
839453
851019
24335
10080226
14675598
820202
853351
856137
541957
542660
100037450
606705
822211
843102
547923
100192952
828653
3479
58157
1448
4240
6947
1071471
845232
845265
778288
542663
29141361
1146417
542372
4351300
92399
854651
29141390
3950759
100873148
831442
821298
2208
280824
281237
3458
3565
920
925
821888
3630
5091
831548
541799
542019
5722614
25113
58962
14938
14775
542353
12504
15111
15978
16153
57314
833738
835849
842935
1557
3274
3458
548021
817206
544113
100284535
1036437
8728
3766682
817199
841427
829435
3458
3567
3586
51497
7124
8801
8802
2736
5918
1056
29141424
10780
830313
292814
34881
10605
26986
51247
6311
1035455
851869
818862
41483
41737
542554
1067132
1543
1555
1557
1559
838883
28718310
28720148
3767694
8013
606324
567
18252292
541815
542122
543060
832773
832773
819665
107829524
2641
2740
16792674
25016669
29141412
29141414
803111
845234
29141390
830946
101790679
107829207
207
24334
24387
850325
542233
803202
832217
843249
832217
25402
310218
43
542997
5265
102589570
102604665
5091
1401
7037
3630
106754440
542150
541913
541919
542359
542651
732803
732842
5715208
5726104
5728408
57404
314322
732845
3131
841
842
836
5286
100037544
100415870
838632
11261
6037
995373
20490862
259307
114108
543443
832773
838138
851610
852066
825655
259307
543131
543157
818566
24648
5265
100101495
100527994
1076664
841889
19225
21926
107773772
12504
15111
15978
16153
16189
57314
815209
26827
853922
834469
100192952
28719780
28720777
824230
842060
850872
851928
214162
314322
1543
1571
2944
2952
547685
851372
856859
840158
20490862
819107
54760
54760
57332
8535
36240
29141390
817646
834232
100276104
842733
842995
843670
106478911
5617
843693
6546
5310
8535
828455
827896
335
338
3630
875581
18033
18035
4056004
4056006
3771393
542712
824287
547886
543069
6647
1108947
1108949
1108951
1108952
1108953
1108954
1108955
1108957
1108958
1108959
1108960
1108961
1108962
17708
17709
831683
824601
836373
342358
541938
831436
821151
839040
5241
187921
1070113
100192952
33529
103647543
542372
103647543
4218
8766
854495
851610
854651
855750
856366
852291
852902
107785603
107830910
732672
819174
830878
9407
4069
14526
829969
842859
803157
4051
543959
100037546
314322
541800
1440
100282267
818390
851396
6426
6427
6432
6651
732703
820128
824301
842384
15111
16163
16189
16191
18033
282665
103632119
101247718
1407
830095
843058
833002
3654
834676
100037305
100519772
6118
2995
819174
831025
25428
100508689
2162
7431
947
831548
828764
104244
800427
10220429
3906
821824
855778
542528
10242
567
362282
817134
819296
839341
851561
1129
541683
840004
853776
551
541854
4512
4513
4513
850317
851167
852639
106299680
852782
23089
25104
843974
2945492
4512
4513
5742
5743
53369
57338
83817
396241
801070
856401
542833
803122
845216
3576
929
14526
2957
818854
3952
2166
29347
836565
839417
854465
542029
542955
824015
100192952
29357479
100101514
100274415
103647543
543328
541902
542737
542761
542363
820152
542246
3768181
300438
843928
25737
5091
310218
28874
4069
28905
28905
28907
5544
542139
542514
542685
105243590
15978
16163
16189
16191
668478
1026
581
542372
548071
29141331
541693
835728
817857
826470
830878
126393
3315
351
815907
29141361
845229
3458
7124
107815824
11816
821586
2244
830313
663954
18252292
299331
28721209
828205
835968
837082
875581
4069
23336
7018
5079
815949
828409
831454
834469
841602
843842
4327165
4350088
838138
851610
853359
101251900
101256342
824229
103626458
42944
16976774
803190
817267
396497
41767
102580103
830095
102682070
844268
12359
16183
21926
830444
852696
853818
856866
875581
100192952
29141378
1543
827631
830878
843693
3458
3553
3558
3565
7124
543008
314322
828325
852200
100285801
543988
837813
820172
838412
836213
543443
814729
826623
832773
838138
841878
844231
843708
821625
7009056
819090
12359
6647
817134
818596
819296
823817
836259
29141328
13361
100193308
100276104
732774
814729
824132
100101514
853358
28880
28262145
29141390
542363
825083
838122
819174
830878
817170
842733
54363
855264
855471
101219563
820235
29141467
1604
2056
961
966
1482
1906
3569
283
12266
22067
55821
85030
850499
107780873
824693
543313
6776
831039
4069
5091
15550
15567
821148
819757
107816090
876783
100131187
5286
1796979
100533102
842859
814640
542051
542128
542147
817410
819127
815949
820321
5091
29141378
1079924
50651
4401953
856330
102577584
542525
5091
824601
544065
831793
836259
542322
5725277
1069125
842859
831721
100507027
835728
816174
817395
820584
829653
830016
835643
843630
844078
100034744
819296
839341
839871
836838
826769
4055802
93643
824050
828645
838125
844180
140738
803117
803146
107808712
3705
1401
2244
335
338
4018
53369
57338
832773
3635
820202
843221
1796979
108449891
20473135
856926
767970
543106
101216545
843186
542322
107824896
834666
542528
107799003
542889
821270
842733
4085
5885
8243
9126
991
851891
24494
24835
3569
3576
7124
830432
856115
102682064
1025
29141390
3770152
5091
5091
18446192
5763
836212
843244
839982
843058
854738
825314
827605
25712
287287
542780
1056
3156
220972
24547
542276
844228
55354
824956
827269
828791
835609
732708
19882
81890
836451
1039471
100524018
820816
818883
825047
826586
838780
103318199
544006
4324855
816473
818862
819107
829417
832154
717
541969
855828
100282545
5915951
826973
6513
3458
3567
3596
7099
929
821012
816165
820913
832152
303413
824601
29141378
14775
828466
1437
103406571
103411735
817267
841842
841842
829845
831683
842859
291437
259307
26128280
29141358
51776
83508
105174660
105176147
814707
814714
827297
835920
843096
542540
606457
13921112
2746829
5950
3558
3565
820506
3845
24248
3320
831832
100101495
547909
1493
875581
107768264
107802932
107825044
828481
22073
1351
531682
851495
1642
9978
843244
1437
815949
830619
818986
835244
837792
100170749
606329
1478283
834975
207
2185
3791
4846
827469
831441
842859
7018
100279563
542540
2288
834469
818199
822061
814729
542372
542759
24247
5744
846
9232
732667
4709
3569
3576
3586
7124
852848
856016
100037769
845178
14634
111334
2534
2903
2904
4888
6714
279
3630
10664
20490862
100037649
100192175
817520
100273341
845222
845233
355
4168
543154
3077424
548007
1066974
1067178
12981
1437
20303
542792
542804
542854
606370
820121
828613
837304
15978
16153
21926
29141331
4069
841822
29141378
5091
835306
840987
483665
6651
100862689
107948867
837840
823706
12028
581
686
12306
19696
396500
5966
12608
14462
14571
19016
104272
17523
17709
816521
842858
7124
7412
818903
825075
830996
844196
3497
101248363
542186
547805
852481
856018
12359
20655
54486
668478
24451
24494
24498
24835
25325
717
107780873
28720179
824890
11144
10724
567
1437
3497
54469
851869
29384735
373156
281728
819174
830878
11445919
1437
100775105
1437
29108
57762
58478
10683
1632
10683
835728
851831
54169
817170
25402
64159
1555
107777569
3717
581
596
644914
7157
836
301034
842733
117516
16000
3479
837327
50865
10399
4334396
4340087
13849
16193
26416
818596
819651
821406
832881
836259
842771
29141328
4549136
852614
27344
1437
404010
732728
541693
107786399
3630
100281258
7018
109731
6723
107796336
5091
100794096
842058
843588
3552
3554
3557
542365
20751
4351983
4351983
294051
834090
4513
100034747
404076
3857884
3495
15978
3283877
3283885
3283886
3283887
3283888
829034
880595
3135
5741
51747
470
5741
5111
13630152
13630167
19816377
856059
838723
10242
826470
3858534
3857689
834291
837946
820707
841785
828946
105278
12575
20194
27061
68611
25104
13903475
829572
100049019
24525
24547
94195
24225
24334
24387
24498
24587
1070314
1070836
817911
834489
2702456
3854
732660
836625
17345
7013
855505
3857871
843249
1401
825160
5091
100533102
850342
945638
107767359
838883
3497
838551
856454
6653950
3845
828603
57379
821327
1069407
1069978
1070935
1029
1437
3458
3553
3563
3565
3569
3687
7124
909
929
9308
941
942
822207
841247
3839
3845
853418
853789
38545
55354
821479
12028
105100036
102577727
100127084
246253
25608
2693958
814851
821432
821573
825902
827392
830878
842859
837602
818854
828652
831453
835307
542373
821382
829484
829969
836227
836228
837366
107772127
22938
1407
824015
100136882
100285076
101027257
541688
542382
542540
10066
538603
543302
543301
543308
819143
835668
837083
29141390
519016
3856366
3630
838040
1149266
208777
842935
3126
56616
596
637
841
841
836
8743
8795
850620
5879
396197
852641
280943
24310
3131
548137
817943
832137
836163
853148
854764
818384
827908
832160
834463
100146094
818973
107941067
842060
14800
4254
843249
819174
35759
827323
100304210
5091
7276
5091
23774
4691
815949
187910
3190208
817157
829417
29141351
326440
5143958
547977
105243590
16994
668478
83817
1478283
22796
814800
836307
606473
100037594
837363
840339
837792
19275
21926
103832031
108849047
100305265
21926
22339
84394
57762
1058
832042
819174
843244
817874
842268
824938
282665
821625
107746
24835
287287
817267
831170
842849
843915
1069694
1069885
1070950
92521
822184
837464
820200
820200
831256
831256
818136
831362
835813
819257
825285
838439
3771393
814729
826623
832773
831112
18252292
832941
855828
107801961
852200
855498
829452
340075
100528023
111334
21926
829034
26893019
26893020
26893064
29141330
29141331
29141378
839574
542500
17709
18126
541877
543313
542230
7922329
832001
54205
595
596
706
836
841
842
814898
829567
816838
836259
28718310
829845
814592
827142
835340
834469
836838
838868
819332
820667
830010
107797065
388324
440068
834090
25086
25375
78959
276
6476
829376
834426
837095
816394
3768418
3768766
3771528
6240732
821924
2247
3131
7018
1058
839104
5707
816705
830313
4055802
832073
116568
24404
58962
837792
338
838766
838831
3586
529879
251220
100313501
825279
854018
4669
966
16187
42297
542525
100792499
547931
3131
4035
6714
7018
816705
543712
606712
548137
10934
18033
4790
5966
281099
100381337
818566
835307
837559
102577584
313566
24584
26198
84353
824893
100682426
7422
829845
103625878
3565100
963588
830611
830626
3131
313566
818982
844187
852288
22796
100059619
3131
834629
5595
5594
5604
5605
29141377
25664
4351983
817157
819090
829417
831984
952849
387351
818310
107766940
20288
837555
100037546
25419
25716
7442
24404
3479
3481
7040
836163
820816
541990
843221
100127239
50651
103647543
838197
3859478
29141394
4549213
539955
541229
841581
818136
834975
3429289
24300
25251
830090
819107
829417
103988
14377
18534
25747
107746
16176
18033
18035
18126
21926
732715
853900
330
5595
581
598
7157
8743
8797
542871
23405
5741
851842
28718310
28718360
28719401
28720148
3771393
3771565
5007727
1649
7124
111334
15894
16176
16193
21926
12504
12515
15978
16176
16189
16193
21926
544006
822119
10242
827839
837393
548184
818390
818614
838416
839286
841665
732774
12359
14782
6717
820438
3383
4609
595
596
7422
7852
24848
25553
107888
12981
16193
15368
26416
29141410
3800085
822061
832215
100135512
100135513
100135602
100192396
100192175
100192177
842733
109983
24248
58962
840897
4069
54681
16728
25375
852066
531682
3630
823805
3030
8535
100037642
830330
778435
831417
1822
118471
142
2064
4313
4318
54205
23013
107276797
542372
1469
1470
1472
1475
1476
197
2335
24903
288001
25308
396497
644914
259307
24224
24887
293615
294515
84482
5718513
855592
106375236
825476
817579
542214
300095
300438
819562
826916
830313
834770
837890
842859
1437
827631
842859
3565
3458
7124
818429
818982
823706
828151
835085
837327
837763
446561
3183
720
100037549
100125738
542780
25402
6615
7462
819651
842771
174
11816
1146779
1147630
3497
856115
855789
817390
838107
844356
4051
1036980
832422
100271891
835207
24617
246253
24835
100192126
100192130
824267
1244372
842841
100271891
26528
835207
35100
581
596
26952
5034
820086
836061
850973
852897
852931
856854
16191
826812
22938
542186
24165
24387
303413
58813
962687
830095
3497
837813
824267
11450
821199
11450
9370
817943
875581
5923286
81005
5286
1244372
3859278
844765
1149266
542165
831635
817212
838276
2736
16176
16193
17523
21926
25109
1035119
3800054
803133
7124
15111
22673
57314
542154
542528
732805
837731
3845
851376
851475
855117
831207
100274564
25402
396728
397415
835203
835085
837327
3479
824718
543415
148713
5212
104272
24387
65036
49249
83817
831441
842859
819215
832286
107896656
51251
818280
10054
2683380
25021136
836259
9677
395136
395455
395456
769230
815865
24242
25651
836259
4069
825831
831173
844323
851646
852423
1070222
1070600
851274
826623
606461
100502546
839040
843249
542728
854307
4126888
5594
7422
28905
28907
5544
100147738
29141439
7009056
856364
732788
541974
542523
29141330
856819
856819
29141330
100274564
854324
24694
24695
815949
824893
818884
819632
832547
842733
842951
843842
34793
43151
47191
29362948
116510
24335
24514
25125
81687
835788
107777405
834535
840953
107795766
107795766
107785603
116686
24248
24494
24498
24326
9269493
513221
840331
840413
824384
834353
541856
11606
11816
20190
817857
839529
24835
58962
81686
81687
248315
852429
1035620
1437
542660
2353
5594
5599
100682477
844264
16407
16411
24088
21898
9402
83817
101290603
280804
102682064
837327
618684
11144
542295
10743963
3630
10421
8573
116686
855949
819290
819997
831127
840171
5270
3479
842789
21984
6717
541614
29116
831330
542841
100037560
947054
1068269
3856793
107786399
1440
83817
542117
834574
856370
5741
15
100533102
542291
837720
851559
852726
835527
3135
4669
833896
834492
840897
850513
854706
856478
100381812
171116
24224
105434554
829480
7124
3630
100308061
606324
1036695
37781
2688
22796
22796
281099
816428
829134
829135
829881
12981
103988
14377
16176
16193
16333
18126
18534
21926
24505
838105
29141435
542525
542780
3859852
23075
16176
16193
19782
21926
6023
107798763
820816
547851
501157
24482
838518
606319
838877
3458
3553
3558
3569
3586
3605
7124
9308
941
942
958
101669834
2768853
7009056
820506
842702
3858858
3860600
717
6521
1906
24323
25544
2736
6401
7124
7412
100526754
606441
100313954
819127
10724
818199
817595
844194
3458
819174
828556
830878
842859
843244
541856
116686
24248
541765
824513
166378
246269
5544
200575
28905
28907
5169
366
850683
826630
4330440
842733
310218
818862
819554
837168
1576
2194
853697
817943
831315
831390
29141403
16948
1480541
850370
850799
851369
851620
853664
853805
854068
856208
856579
828653
596
843194
281484
281839
282118
7412
100037547
100415869
543423
101498231
4340087
817134
25145
818713
836507
116562
25712
3131
824112
29141362
9370
817148
842951
22339
966
102594012
838877
56654
834570
2702616
800441
23075
819889
9181
54484
299691
367586
852700
3553
818581
843407
543401
821824
106320093
299117
5050202
851445
852035
100037824
25759
541712
4669
567
3630
7124
2777580
259307
24539
50671
830897
107824681
841313
5894
829417
1407
652070
8273613
259307
1035090
830090
100037768
443531
2944
4780
9817
50651
827297
836412
851504
4055802
6863
3416461
100049034
829480
834676
443531
542523
855828
853871
107784423
547841
543423
542394
843276
854027
542700
107761743
107761743
852978
854377
